2019/10/24-20:49:07.950278 7fd8f5ec1700 RocksDB version: 5.15.10
2019/10/24-20:49:07.951290 7fd8f5ec1700 Git sha rocksdb_build_git_sha:
2019/10/24-20:49:07.951294 7fd8f5ec1700 Compile date Oct  9 2018
2019/10/24-20:49:07.951298 7fd8f5ec1700 DB SUMMARY
2019/10/24-20:49:07.957287 7fd8f5ec1700 CURRENT file:  CURRENT
2019/10/24-20:49:07.957289 7fd8f5ec1700 IDENTITY file:  IDENTITY
2019/10/24-20:49:07.958189 7fd8f5ec1700 MANIFEST file:  MANIFEST-000028 size: 676 Bytes
2019/10/24-20:49:07.958195 7fd8f5ec1700 SST files in /besu/ignore/Node-2/data/database dir, Total Num: 2, files: 000029.sst 000030.sst 
2019/10/24-20:49:07.958199 7fd8f5ec1700 Write Ahead Log file in /besu/ignore/Node-2/data/database: 000003.log size: 214778 ; 000031.log size: 69943 ; 
2019/10/24-20:49:07.958202 7fd8f5ec1700                         Options.error_if_exists: 0
2019/10/24-20:49:07.958203 7fd8f5ec1700                       Options.create_if_missing: 1
2019/10/24-20:49:07.958203 7fd8f5ec1700                         Options.paranoid_checks: 1
2019/10/24-20:49:07.958204 7fd8f5ec1700                                     Options.env: 0x7fd88edb4100
2019/10/24-20:49:07.958204 7fd8f5ec1700                                Options.info_log: 0x7fd8ed297960
2019/10/24-20:49:07.958205 7fd8f5ec1700                Options.max_file_opening_threads: 16
2019/10/24-20:49:07.958205 7fd8f5ec1700                              Options.statistics: 0x7fd8ed236b50
2019/10/24-20:49:07.958206 7fd8f5ec1700                               Options.use_fsync: 0
2019/10/24-20:49:07.958206 7fd8f5ec1700                       Options.max_log_file_size: 0
2019/10/24-20:49:07.958207 7fd8f5ec1700                  Options.max_manifest_file_size: 1073741824
2019/10/24-20:49:07.958207 7fd8f5ec1700                   Options.log_file_time_to_roll: 0
2019/10/24-20:49:07.958208 7fd8f5ec1700                       Options.keep_log_file_num: 1000
2019/10/24-20:49:07.958208 7fd8f5ec1700                    Options.recycle_log_file_num: 0
2019/10/24-20:49:07.958209 7fd8f5ec1700                         Options.allow_fallocate: 1
2019/10/24-20:49:07.958209 7fd8f5ec1700                        Options.allow_mmap_reads: 0
2019/10/24-20:49:07.958210 7fd8f5ec1700                       Options.allow_mmap_writes: 0
2019/10/24-20:49:07.958210 7fd8f5ec1700                        Options.use_direct_reads: 0
2019/10/24-20:49:07.958211 7fd8f5ec1700                        Options.use_direct_io_for_flush_and_compaction: 0
2019/10/24-20:49:07.958211 7fd8f5ec1700          Options.create_missing_column_families: 1
2019/10/24-20:49:07.958212 7fd8f5ec1700                              Options.db_log_dir: 
2019/10/24-20:49:07.958212 7fd8f5ec1700                                 Options.wal_dir: /besu/ignore/Node-2/data/database
2019/10/24-20:49:07.958213 7fd8f5ec1700                Options.table_cache_numshardbits: 6
2019/10/24-20:49:07.958214 7fd8f5ec1700                      Options.max_subcompactions: 1
2019/10/24-20:49:07.958214 7fd8f5ec1700                  Options.max_background_flushes: -1
2019/10/24-20:49:07.958215 7fd8f5ec1700                         Options.WAL_ttl_seconds: 0
2019/10/24-20:49:07.958215 7fd8f5ec1700                       Options.WAL_size_limit_MB: 0
2019/10/24-20:49:07.958216 7fd8f5ec1700             Options.manifest_preallocation_size: 4194304
2019/10/24-20:49:07.958216 7fd8f5ec1700                     Options.is_fd_close_on_exec: 1
2019/10/24-20:49:07.958217 7fd8f5ec1700                   Options.advise_random_on_open: 1
2019/10/24-20:49:07.958217 7fd8f5ec1700                    Options.db_write_buffer_size: 0
2019/10/24-20:49:07.958218 7fd8f5ec1700                    Options.write_buffer_manager: 0x7fd8ed297870
2019/10/24-20:49:07.958218 7fd8f5ec1700         Options.access_hint_on_compaction_start: 1
2019/10/24-20:49:07.958236 7fd8f5ec1700  Options.new_table_reader_for_compaction_inputs: 0
2019/10/24-20:49:07.958236 7fd8f5ec1700           Options.random_access_max_buffer_size: 1048576
2019/10/24-20:49:07.958237 7fd8f5ec1700                      Options.use_adaptive_mutex: 0
2019/10/24-20:49:07.958237 7fd8f5ec1700                            Options.rate_limiter: (nil)
2019/10/24-20:49:07.958888 7fd8f5ec1700     Options.sst_file_manager.rate_bytes_per_sec: 0
2019/10/24-20:49:07.958891 7fd8f5ec1700                       Options.wal_recovery_mode: 2
2019/10/24-20:49:07.958892 7fd8f5ec1700                  Options.enable_thread_tracking: 0
2019/10/24-20:49:07.958909 7fd8f5ec1700                  Options.enable_pipelined_write: 0
2019/10/24-20:49:07.958909 7fd8f5ec1700         Options.allow_concurrent_memtable_write: 1
2019/10/24-20:49:07.958910 7fd8f5ec1700      Options.enable_write_thread_adaptive_yield: 1
2019/10/24-20:49:07.958910 7fd8f5ec1700             Options.write_thread_max_yield_usec: 100
2019/10/24-20:49:07.958911 7fd8f5ec1700            Options.write_thread_slow_yield_usec: 3
2019/10/24-20:49:07.958911 7fd8f5ec1700                               Options.row_cache: None
2019/10/24-20:49:07.958912 7fd8f5ec1700                              Options.wal_filter: None
2019/10/24-20:49:07.958912 7fd8f5ec1700             Options.avoid_flush_during_recovery: 0
2019/10/24-20:49:07.958913 7fd8f5ec1700             Options.allow_ingest_behind: 0
2019/10/24-20:49:07.958913 7fd8f5ec1700             Options.preserve_deletes: 0
2019/10/24-20:49:07.958914 7fd8f5ec1700             Options.two_write_queues: 0
2019/10/24-20:49:07.958914 7fd8f5ec1700             Options.manual_wal_flush: 0
2019/10/24-20:49:07.958916 7fd8f5ec1700             Options.max_background_jobs: 2
2019/10/24-20:49:07.958916 7fd8f5ec1700             Options.max_background_compactions: 4
2019/10/24-20:49:07.958917 7fd8f5ec1700             Options.avoid_flush_during_shutdown: 0
2019/10/24-20:49:07.958917 7fd8f5ec1700           Options.writable_file_max_buffer_size: 1048576
2019/10/24-20:49:07.958918 7fd8f5ec1700             Options.delayed_write_rate : 16777216
2019/10/24-20:49:07.958918 7fd8f5ec1700             Options.max_total_wal_size: 0
2019/10/24-20:49:07.958919 7fd8f5ec1700             Options.delete_obsolete_files_period_micros: 21600000000
2019/10/24-20:49:07.958919 7fd8f5ec1700                   Options.stats_dump_period_sec: 600
2019/10/24-20:49:07.958920 7fd8f5ec1700                          Options.max_open_files: 1024
2019/10/24-20:49:07.958920 7fd8f5ec1700                          Options.bytes_per_sync: 0
2019/10/24-20:49:07.958921 7fd8f5ec1700                      Options.wal_bytes_per_sync: 0
2019/10/24-20:49:07.958921 7fd8f5ec1700       Options.compaction_readahead_size: 0
2019/10/24-20:49:07.958922 7fd8f5ec1700 Compression algorithms supported:
2019/10/24-20:49:07.958923 7fd8f5ec1700 	kZSTDNotFinalCompression supported: 1
2019/10/24-20:49:07.958929 7fd8f5ec1700 	kZSTD supported: 1
2019/10/24-20:49:07.958930 7fd8f5ec1700 	kXpressCompression supported: 0
2019/10/24-20:49:07.958930 7fd8f5ec1700 	kLZ4HCCompression supported: 1
2019/10/24-20:49:07.958931 7fd8f5ec1700 	kLZ4Compression supported: 1
2019/10/24-20:49:07.958932 7fd8f5ec1700 	kBZip2Compression supported: 1
2019/10/24-20:49:07.958932 7fd8f5ec1700 	kZlibCompression supported: 1
2019/10/24-20:49:07.958933 7fd8f5ec1700 	kSnappyCompression supported: 1
2019/10/24-20:49:07.958938 7fd8f5ec1700 Fast CRC32 supported: Not supported on x86
2019/10/24-20:49:07.969270 7fd8f5ec1700 [db/version_set.cc:3248] Recovering from manifest file: MANIFEST-000028
2019/10/24-20:49:07.970455 7fd8f5ec1700 [db/column_family.cc:475] --------------- Options for column family [default]:
2019/10/24-20:49:07.970459 7fd8f5ec1700               Options.comparator: leveldb.BytewiseComparator
2019/10/24-20:49:07.970460 7fd8f5ec1700           Options.merge_operator: None
2019/10/24-20:49:07.970460 7fd8f5ec1700        Options.compaction_filter: None
2019/10/24-20:49:07.970461 7fd8f5ec1700        Options.compaction_filter_factory: None
2019/10/24-20:49:07.970461 7fd8f5ec1700         Options.memtable_factory: SkipListFactory
2019/10/24-20:49:07.970462 7fd8f5ec1700            Options.table_factory: BlockBasedTable
2019/10/24-20:49:07.970483 7fd8f5ec1700            table_factory options:   flush_block_policy_factory: FlushBlockBySizePolicyFactory (0x7fd8ed23a3c0)
  cache_index_and_filter_blocks: 0
  cache_index_and_filter_blocks_with_high_priority: 0
  pin_l0_filter_and_index_blocks_in_cache: 0
  pin_top_level_index_and_filter: 1
  index_type: 0
  hash_index_allow_collision: 1
  checksum: 1
  no_block_cache: 0
  block_cache: 0x7fd8ed238690
  block_cache_name: LRUCache
  block_cache_options:
    capacity : 8388608
    num_shard_bits : 4
    strict_capacity_limit : 0
    high_pri_pool_ratio: 0.000
  block_cache_compressed: (nil)
  persistent_cache: (nil)
  block_size: 4096
  block_size_deviation: 10
  block_restart_interval: 16
  index_block_restart_interval: 1
  metadata_block_size: 4096
  partition_filters: 0
  use_delta_encoding: 1
  filter_policy: nullptr
  whole_key_filtering: 1
  verify_compression: 0
  read_amp_bytes_per_bit: 0
  format_version: 0
  enable_index_compression: 1
  block_align: 0
2019/10/24-20:49:07.970885 7fd8f5ec1700        Options.write_buffer_size: 67108864
2019/10/24-20:49:07.970887 7fd8f5ec1700  Options.max_write_buffer_number: 2
2019/10/24-20:49:07.970889 7fd8f5ec1700          Options.compression: Snappy
2019/10/24-20:49:07.970889 7fd8f5ec1700                  Options.bottommost_compression: Disabled
2019/10/24-20:49:07.970890 7fd8f5ec1700       Options.prefix_extractor: nullptr
2019/10/24-20:49:07.970891 7fd8f5ec1700   Options.memtable_insert_with_hint_prefix_extractor: nullptr
2019/10/24-20:49:07.970891 7fd8f5ec1700             Options.num_levels: 7
2019/10/24-20:49:07.970892 7fd8f5ec1700        Options.min_write_buffer_number_to_merge: 1
2019/10/24-20:49:07.970892 7fd8f5ec1700     Options.max_write_buffer_number_to_maintain: 2
2019/10/24-20:49:07.970893 7fd8f5ec1700            Options.bottommost_compression_opts.window_bits: -14
2019/10/24-20:49:07.970893 7fd8f5ec1700                  Options.bottommost_compression_opts.level: 32767
2019/10/24-20:49:07.970894 7fd8f5ec1700               Options.bottommost_compression_opts.strategy: 0
2019/10/24-20:49:07.970894 7fd8f5ec1700         Options.bottommost_compression_opts.max_dict_bytes: 0
2019/10/24-20:49:07.970895 7fd8f5ec1700         Options.bottommost_compression_opts.zstd_max_train_bytes: 0
2019/10/24-20:49:07.970895 7fd8f5ec1700                  Options.bottommost_compression_opts.enabled: false
2019/10/24-20:49:07.970896 7fd8f5ec1700            Options.compression_opts.window_bits: -14
2019/10/24-20:49:07.970897 7fd8f5ec1700                  Options.compression_opts.level: 32767
2019/10/24-20:49:07.970897 7fd8f5ec1700               Options.compression_opts.strategy: 0
2019/10/24-20:49:07.970898 7fd8f5ec1700         Options.compression_opts.max_dict_bytes: 0
2019/10/24-20:49:07.970898 7fd8f5ec1700         Options.compression_opts.zstd_max_train_bytes: 0
2019/10/24-20:49:07.970899 7fd8f5ec1700                  Options.compression_opts.enabled: false
2019/10/24-20:49:07.970899 7fd8f5ec1700      Options.level0_file_num_compaction_trigger: 4
2019/10/24-20:49:07.970900 7fd8f5ec1700          Options.level0_slowdown_writes_trigger: 20
2019/10/24-20:49:07.970900 7fd8f5ec1700              Options.level0_stop_writes_trigger: 36
2019/10/24-20:49:07.970901 7fd8f5ec1700                   Options.target_file_size_base: 67108864
2019/10/24-20:49:07.970902 7fd8f5ec1700             Options.target_file_size_multiplier: 1
2019/10/24-20:49:07.970902 7fd8f5ec1700                Options.max_bytes_for_level_base: 268435456
2019/10/24-20:49:07.970903 7fd8f5ec1700 Options.level_compaction_dynamic_level_bytes: 0
2019/10/24-20:49:07.970903 7fd8f5ec1700          Options.max_bytes_for_level_multiplier: 10.000000
2019/10/24-20:49:07.970905 7fd8f5ec1700 Options.max_bytes_for_level_multiplier_addtl[0]: 1
2019/10/24-20:49:07.970906 7fd8f5ec1700 Options.max_bytes_for_level_multiplier_addtl[1]: 1
2019/10/24-20:49:07.970906 7fd8f5ec1700 Options.max_bytes_for_level_multiplier_addtl[2]: 1
2019/10/24-20:49:07.970907 7fd8f5ec1700 Options.max_bytes_for_level_multiplier_addtl[3]: 1
2019/10/24-20:49:07.970907 7fd8f5ec1700 Options.max_bytes_for_level_multiplier_addtl[4]: 1
2019/10/24-20:49:07.970908 7fd8f5ec1700 Options.max_bytes_for_level_multiplier_addtl[5]: 1
2019/10/24-20:49:07.970908 7fd8f5ec1700 Options.max_bytes_for_level_multiplier_addtl[6]: 1
2019/10/24-20:49:07.971291 7fd8f5ec1700       Options.max_sequential_skip_in_iterations: 8
2019/10/24-20:49:07.971293 7fd8f5ec1700                    Options.max_compaction_bytes: 1677721600
2019/10/24-20:49:07.971294 7fd8f5ec1700                        Options.arena_block_size: 8388608
2019/10/24-20:49:07.971295 7fd8f5ec1700   Options.soft_pending_compaction_bytes_limit: 68719476736
2019/10/24-20:49:07.971295 7fd8f5ec1700   Options.hard_pending_compaction_bytes_limit: 274877906944
2019/10/24-20:49:07.971296 7fd8f5ec1700       Options.rate_limit_delay_max_milliseconds: 100
2019/10/24-20:49:07.971296 7fd8f5ec1700                Options.disable_auto_compactions: 1
2019/10/24-20:49:07.971297 7fd8f5ec1700                        Options.compaction_style: kCompactionStyleLevel
2019/10/24-20:49:07.971298 7fd8f5ec1700                          Options.compaction_pri: kByCompensatedSize
2019/10/24-20:49:07.971299 7fd8f5ec1700 Options.compaction_options_universal.size_ratio: 1
2019/10/24-20:49:07.971299 7fd8f5ec1700 Options.compaction_options_universal.min_merge_width: 2
2019/10/24-20:49:07.971300 7fd8f5ec1700 Options.compaction_options_universal.max_merge_width: 4294967295
2019/10/24-20:49:07.971300 7fd8f5ec1700 Options.compaction_options_universal.max_size_amplification_percent: 200
2019/10/24-20:49:07.971301 7fd8f5ec1700 Options.compaction_options_universal.compression_size_percent: -1
2019/10/24-20:49:07.971302 7fd8f5ec1700 Options.compaction_options_universal.stop_style: kCompactionStopStyleTotalSize
2019/10/24-20:49:07.971302 7fd8f5ec1700 Options.compaction_options_fifo.max_table_files_size: 1073741824
2019/10/24-20:49:07.971303 7fd8f5ec1700 Options.compaction_options_fifo.allow_compaction: 0
2019/10/24-20:49:07.971303 7fd8f5ec1700 Options.compaction_options_fifo.ttl: 0
2019/10/24-20:49:07.971304 7fd8f5ec1700                   Options.table_properties_collectors: 
2019/10/24-20:49:07.971304 7fd8f5ec1700                   Options.inplace_update_support: 0
2019/10/24-20:49:07.971305 7fd8f5ec1700                 Options.inplace_update_num_locks: 10000
2019/10/24-20:49:07.971305 7fd8f5ec1700               Options.memtable_prefix_bloom_size_ratio: 0.000000
2019/10/24-20:49:07.971307 7fd8f5ec1700   Options.memtable_huge_page_size: 0
2019/10/24-20:49:07.971307 7fd8f5ec1700                           Options.bloom_locality: 0
2019/10/24-20:49:07.971308 7fd8f5ec1700                    Options.max_successive_merges: 0
2019/10/24-20:49:07.971308 7fd8f5ec1700                Options.optimize_filters_for_hits: 0
2019/10/24-20:49:07.971309 7fd8f5ec1700                Options.paranoid_file_checks: 0
2019/10/24-20:49:07.971309 7fd8f5ec1700                Options.force_consistency_checks: 0
2019/10/24-20:49:07.971310 7fd8f5ec1700                Options.report_bg_io_stats: 0
2019/10/24-20:49:07.971310 7fd8f5ec1700                               Options.ttl: 0
2019/10/24-20:49:07.972965 7fd8f5ec1700 [db/column_family.cc:475] --------------- Options for column family []:
2019/10/24-20:49:07.972968 7fd8f5ec1700               Options.comparator: leveldb.BytewiseComparator
2019/10/24-20:49:07.972968 7fd8f5ec1700           Options.merge_operator: None
2019/10/24-20:49:07.972969 7fd8f5ec1700        Options.compaction_filter: None
2019/10/24-20:49:07.972970 7fd8f5ec1700        Options.compaction_filter_factory: None
2019/10/24-20:49:07.972970 7fd8f5ec1700         Options.memtable_factory: SkipListFactory
2019/10/24-20:49:07.972971 7fd8f5ec1700            Options.table_factory: BlockBasedTable
2019/10/24-20:49:07.972987 7fd8f5ec1700            table_factory options:   flush_block_policy_factory: FlushBlockBySizePolicyFactory (0x7fd8ed2339f0)
  cache_index_and_filter_blocks: 0
  cache_index_and_filter_blocks_with_high_priority: 0
  pin_l0_filter_and_index_blocks_in_cache: 0
  pin_top_level_index_and_filter: 1
  index_type: 0
  hash_index_allow_collision: 1
  checksum: 1
  no_block_cache: 0
  block_cache: 0x7fd8ed233440
  block_cache_name: LRUCache
  block_cache_options:
    capacity : 8388608
    num_shard_bits : 4
    strict_capacity_limit : 0
    high_pri_pool_ratio: 0.000
  block_cache_compressed: (nil)
  persistent_cache: (nil)
  block_size: 4096
  block_size_deviation: 10
  block_restart_interval: 16
  index_block_restart_interval: 1
  metadata_block_size: 4096
  partition_filters: 0
  use_delta_encoding: 1
  filter_policy: nullptr
  whole_key_filtering: 1
  verify_compression: 0
  read_amp_bytes_per_bit: 0
  format_version: 2
  enable_index_compression: 1
  block_align: 0
2019/10/24-20:49:07.973406 7fd8f5ec1700        Options.write_buffer_size: 67108864
2019/10/24-20:49:07.973409 7fd8f5ec1700  Options.max_write_buffer_number: 2
2019/10/24-20:49:07.973410 7fd8f5ec1700          Options.compression: Snappy
2019/10/24-20:49:07.973411 7fd8f5ec1700                  Options.bottommost_compression: Disabled
2019/10/24-20:49:07.973412 7fd8f5ec1700       Options.prefix_extractor: nullptr
2019/10/24-20:49:07.973412 7fd8f5ec1700   Options.memtable_insert_with_hint_prefix_extractor: nullptr
2019/10/24-20:49:07.973413 7fd8f5ec1700             Options.num_levels: 7
2019/10/24-20:49:07.973413 7fd8f5ec1700        Options.min_write_buffer_number_to_merge: 1
2019/10/24-20:49:07.973414 7fd8f5ec1700     Options.max_write_buffer_number_to_maintain: 2
2019/10/24-20:49:07.973414 7fd8f5ec1700            Options.bottommost_compression_opts.window_bits: -14
2019/10/24-20:49:07.973415 7fd8f5ec1700                  Options.bottommost_compression_opts.level: 32767
2019/10/24-20:49:07.973415 7fd8f5ec1700               Options.bottommost_compression_opts.strategy: 0
2019/10/24-20:49:07.973416 7fd8f5ec1700         Options.bottommost_compression_opts.max_dict_bytes: 0
2019/10/24-20:49:07.973416 7fd8f5ec1700         Options.bottommost_compression_opts.zstd_max_train_bytes: 0
2019/10/24-20:49:07.973417 7fd8f5ec1700                  Options.bottommost_compression_opts.enabled: false
2019/10/24-20:49:07.973417 7fd8f5ec1700            Options.compression_opts.window_bits: -14
2019/10/24-20:49:07.973418 7fd8f5ec1700                  Options.compression_opts.level: 32767
2019/10/24-20:49:07.973418 7fd8f5ec1700               Options.compression_opts.strategy: 0
2019/10/24-20:49:07.973419 7fd8f5ec1700         Options.compression_opts.max_dict_bytes: 0
2019/10/24-20:49:07.973419 7fd8f5ec1700         Options.compression_opts.zstd_max_train_bytes: 0
2019/10/24-20:49:07.973420 7fd8f5ec1700                  Options.compression_opts.enabled: false
2019/10/24-20:49:07.973420 7fd8f5ec1700      Options.level0_file_num_compaction_trigger: 4
2019/10/24-20:49:07.973421 7fd8f5ec1700          Options.level0_slowdown_writes_trigger: 20
2019/10/24-20:49:07.973421 7fd8f5ec1700              Options.level0_stop_writes_trigger: 36
2019/10/24-20:49:07.973422 7fd8f5ec1700                   Options.target_file_size_base: 67108864
2019/10/24-20:49:07.973422 7fd8f5ec1700             Options.target_file_size_multiplier: 1
2019/10/24-20:49:07.973423 7fd8f5ec1700                Options.max_bytes_for_level_base: 268435456
2019/10/24-20:49:07.973423 7fd8f5ec1700 Options.level_compaction_dynamic_level_bytes: 0
2019/10/24-20:49:07.973424 7fd8f5ec1700          Options.max_bytes_for_level_multiplier: 10.000000
2019/10/24-20:49:07.973426 7fd8f5ec1700 Options.max_bytes_for_level_multiplier_addtl[0]: 1
2019/10/24-20:49:07.973426 7fd8f5ec1700 Options.max_bytes_for_level_multiplier_addtl[1]: 1
2019/10/24-20:49:07.973427 7fd8f5ec1700 Options.max_bytes_for_level_multiplier_addtl[2]: 1
2019/10/24-20:49:07.973427 7fd8f5ec1700 Options.max_bytes_for_level_multiplier_addtl[3]: 1
2019/10/24-20:49:07.973428 7fd8f5ec1700 Options.max_bytes_for_level_multiplier_addtl[4]: 1
2019/10/24-20:49:07.973428 7fd8f5ec1700 Options.max_bytes_for_level_multiplier_addtl[5]: 1
2019/10/24-20:49:07.973429 7fd8f5ec1700 Options.max_bytes_for_level_multiplier_addtl[6]: 1
2019/10/24-20:49:07.973429 7fd8f5ec1700       Options.max_sequential_skip_in_iterations: 8
2019/10/24-20:49:07.973430 7fd8f5ec1700                    Options.max_compaction_bytes: 1677721600
2019/10/24-20:49:07.973430 7fd8f5ec1700                        Options.arena_block_size: 8388608
2019/10/24-20:49:07.973736 7fd8f5ec1700   Options.soft_pending_compaction_bytes_limit: 68719476736
2019/10/24-20:49:07.973739 7fd8f5ec1700   Options.hard_pending_compaction_bytes_limit: 274877906944
2019/10/24-20:49:07.973740 7fd8f5ec1700       Options.rate_limit_delay_max_milliseconds: 100
2019/10/24-20:49:07.973740 7fd8f5ec1700                Options.disable_auto_compactions: 1
2019/10/24-20:49:07.973741 7fd8f5ec1700                        Options.compaction_style: kCompactionStyleLevel
2019/10/24-20:49:07.973742 7fd8f5ec1700                          Options.compaction_pri: kByCompensatedSize
2019/10/24-20:49:07.973743 7fd8f5ec1700 Options.compaction_options_universal.size_ratio: 1
2019/10/24-20:49:07.973743 7fd8f5ec1700 Options.compaction_options_universal.min_merge_width: 2
2019/10/24-20:49:07.973744 7fd8f5ec1700 Options.compaction_options_universal.max_merge_width: 4294967295
2019/10/24-20:49:07.973744 7fd8f5ec1700 Options.compaction_options_universal.max_size_amplification_percent: 200
2019/10/24-20:49:07.973745 7fd8f5ec1700 Options.compaction_options_universal.compression_size_percent: -1
2019/10/24-20:49:07.973745 7fd8f5ec1700 Options.compaction_options_universal.stop_style: kCompactionStopStyleTotalSize
2019/10/24-20:49:07.973746 7fd8f5ec1700 Options.compaction_options_fifo.max_table_files_size: 1073741824
2019/10/24-20:49:07.973747 7fd8f5ec1700 Options.compaction_options_fifo.allow_compaction: 0
2019/10/24-20:49:07.973747 7fd8f5ec1700 Options.compaction_options_fifo.ttl: 0
2019/10/24-20:49:07.973748 7fd8f5ec1700                   Options.table_properties_collectors: 
2019/10/24-20:49:07.973748 7fd8f5ec1700                   Options.inplace_update_support: 0
2019/10/24-20:49:07.973749 7fd8f5ec1700                 Options.inplace_update_num_locks: 10000
2019/10/24-20:49:07.973749 7fd8f5ec1700               Options.memtable_prefix_bloom_size_ratio: 0.000000
2019/10/24-20:49:07.973751 7fd8f5ec1700   Options.memtable_huge_page_size: 0
2019/10/24-20:49:07.973751 7fd8f5ec1700                           Options.bloom_locality: 0
2019/10/24-20:49:07.973752 7fd8f5ec1700                    Options.max_successive_merges: 0
2019/10/24-20:49:07.973752 7fd8f5ec1700                Options.optimize_filters_for_hits: 0
2019/10/24-20:49:07.973753 7fd8f5ec1700                Options.paranoid_file_checks: 0
2019/10/24-20:49:07.973753 7fd8f5ec1700                Options.force_consistency_checks: 0
2019/10/24-20:49:07.973754 7fd8f5ec1700                Options.report_bg_io_stats: 0
2019/10/24-20:49:07.973754 7fd8f5ec1700                               Options.ttl: 0
2019/10/24-20:49:07.973779 7fd8f5ec1700 [db/column_family.cc:475] --------------- Options for column family []:
2019/10/24-20:49:07.973780 7fd8f5ec1700               Options.comparator: leveldb.BytewiseComparator
2019/10/24-20:49:07.973781 7fd8f5ec1700           Options.merge_operator: None
2019/10/24-20:49:07.973781 7fd8f5ec1700        Options.compaction_filter: None
2019/10/24-20:49:07.973782 7fd8f5ec1700        Options.compaction_filter_factory: None
2019/10/24-20:49:07.973782 7fd8f5ec1700         Options.memtable_factory: SkipListFactory
2019/10/24-20:49:07.973783 7fd8f5ec1700            Options.table_factory: BlockBasedTable
2019/10/24-20:49:07.973797 7fd8f5ec1700            table_factory options:   flush_block_policy_factory: FlushBlockBySizePolicyFactory (0x7fd8ed232d90)
  cache_index_and_filter_blocks: 0
  cache_index_and_filter_blocks_with_high_priority: 0
  pin_l0_filter_and_index_blocks_in_cache: 0
  pin_top_level_index_and_filter: 1
  index_type: 0
  hash_index_allow_collision: 1
  checksum: 1
  no_block_cache: 0
  block_cache: 0x7fd8ed232dd0
  block_cache_name: LRUCache
  block_cache_options:
    capacity : 8388608
    num_shard_bits : 4
    strict_capacity_limit : 0
    high_pri_pool_ratio: 0.000
  block_cache_compressed: (nil)
  persistent_cache: (nil)
  block_size: 4096
  block_size_deviation: 10
  block_restart_interval: 16
  index_block_restart_interval: 1
  metadata_block_size: 4096
  partition_filters: 0
  use_delta_encoding: 1
  filter_policy: nullptr
  whole_key_filtering: 1
  verify_compression: 0
  read_amp_bytes_per_bit: 0
  format_version: 2
  enable_index_compression: 1
  block_align: 0
2019/10/24-20:49:07.974071 7fd8f5ec1700        Options.write_buffer_size: 67108864
2019/10/24-20:49:07.974073 7fd8f5ec1700  Options.max_write_buffer_number: 2
2019/10/24-20:49:07.974075 7fd8f5ec1700          Options.compression: Snappy
2019/10/24-20:49:07.974075 7fd8f5ec1700                  Options.bottommost_compression: Disabled
2019/10/24-20:49:07.974076 7fd8f5ec1700       Options.prefix_extractor: nullptr
2019/10/24-20:49:07.974076 7fd8f5ec1700   Options.memtable_insert_with_hint_prefix_extractor: nullptr
2019/10/24-20:49:07.974077 7fd8f5ec1700             Options.num_levels: 7
2019/10/24-20:49:07.974078 7fd8f5ec1700        Options.min_write_buffer_number_to_merge: 1
2019/10/24-20:49:07.974078 7fd8f5ec1700     Options.max_write_buffer_number_to_maintain: 2
2019/10/24-20:49:07.974078 7fd8f5ec1700            Options.bottommost_compression_opts.window_bits: -14
2019/10/24-20:49:07.974079 7fd8f5ec1700                  Options.bottommost_compression_opts.level: 32767
2019/10/24-20:49:07.974080 7fd8f5ec1700               Options.bottommost_compression_opts.strategy: 0
2019/10/24-20:49:07.974080 7fd8f5ec1700         Options.bottommost_compression_opts.max_dict_bytes: 0
2019/10/24-20:49:07.974081 7fd8f5ec1700         Options.bottommost_compression_opts.zstd_max_train_bytes: 0
2019/10/24-20:49:07.974081 7fd8f5ec1700                  Options.bottommost_compression_opts.enabled: false
2019/10/24-20:49:07.974082 7fd8f5ec1700            Options.compression_opts.window_bits: -14
2019/10/24-20:49:07.974082 7fd8f5ec1700                  Options.compression_opts.level: 32767
2019/10/24-20:49:07.974083 7fd8f5ec1700               Options.compression_opts.strategy: 0
2019/10/24-20:49:07.974083 7fd8f5ec1700         Options.compression_opts.max_dict_bytes: 0
2019/10/24-20:49:07.974084 7fd8f5ec1700         Options.compression_opts.zstd_max_train_bytes: 0
2019/10/24-20:49:07.974084 7fd8f5ec1700                  Options.compression_opts.enabled: false
2019/10/24-20:49:07.974085 7fd8f5ec1700      Options.level0_file_num_compaction_trigger: 4
2019/10/24-20:49:07.974085 7fd8f5ec1700          Options.level0_slowdown_writes_trigger: 20
2019/10/24-20:49:07.974086 7fd8f5ec1700              Options.level0_stop_writes_trigger: 36
2019/10/24-20:49:07.974086 7fd8f5ec1700                   Options.target_file_size_base: 67108864
2019/10/24-20:49:07.974087 7fd8f5ec1700             Options.target_file_size_multiplier: 1
2019/10/24-20:49:07.974087 7fd8f5ec1700                Options.max_bytes_for_level_base: 268435456
2019/10/24-20:49:07.974088 7fd8f5ec1700 Options.level_compaction_dynamic_level_bytes: 0
2019/10/24-20:49:07.974088 7fd8f5ec1700          Options.max_bytes_for_level_multiplier: 10.000000
2019/10/24-20:49:07.974090 7fd8f5ec1700 Options.max_bytes_for_level_multiplier_addtl[0]: 1
2019/10/24-20:49:07.974090 7fd8f5ec1700 Options.max_bytes_for_level_multiplier_addtl[1]: 1
2019/10/24-20:49:07.974091 7fd8f5ec1700 Options.max_bytes_for_level_multiplier_addtl[2]: 1
2019/10/24-20:49:07.974091 7fd8f5ec1700 Options.max_bytes_for_level_multiplier_addtl[3]: 1
2019/10/24-20:49:07.974092 7fd8f5ec1700 Options.max_bytes_for_level_multiplier_addtl[4]: 1
2019/10/24-20:49:07.974092 7fd8f5ec1700 Options.max_bytes_for_level_multiplier_addtl[5]: 1
2019/10/24-20:49:07.974093 7fd8f5ec1700 Options.max_bytes_for_level_multiplier_addtl[6]: 1
2019/10/24-20:49:07.974093 7fd8f5ec1700       Options.max_sequential_skip_in_iterations: 8
2019/10/24-20:49:07.974094 7fd8f5ec1700                    Options.max_compaction_bytes: 1677721600
2019/10/24-20:49:07.974094 7fd8f5ec1700                        Options.arena_block_size: 8388608
2019/10/24-20:49:07.974095 7fd8f5ec1700   Options.soft_pending_compaction_bytes_limit: 68719476736
2019/10/24-20:49:07.974095 7fd8f5ec1700   Options.hard_pending_compaction_bytes_limit: 274877906944
2019/10/24-20:49:07.974096 7fd8f5ec1700       Options.rate_limit_delay_max_milliseconds: 100
2019/10/24-20:49:07.974465 7fd8f5ec1700                Options.disable_auto_compactions: 1
2019/10/24-20:49:07.974468 7fd8f5ec1700                        Options.compaction_style: kCompactionStyleLevel
2019/10/24-20:49:07.974469 7fd8f5ec1700                          Options.compaction_pri: kByCompensatedSize
2019/10/24-20:49:07.974469 7fd8f5ec1700 Options.compaction_options_universal.size_ratio: 1
2019/10/24-20:49:07.974470 7fd8f5ec1700 Options.compaction_options_universal.min_merge_width: 2
2019/10/24-20:49:07.974471 7fd8f5ec1700 Options.compaction_options_universal.max_merge_width: 4294967295
2019/10/24-20:49:07.974471 7fd8f5ec1700 Options.compaction_options_universal.max_size_amplification_percent: 200
2019/10/24-20:49:07.974472 7fd8f5ec1700 Options.compaction_options_universal.compression_size_percent: -1
2019/10/24-20:49:07.974472 7fd8f5ec1700 Options.compaction_options_universal.stop_style: kCompactionStopStyleTotalSize
2019/10/24-20:49:07.974473 7fd8f5ec1700 Options.compaction_options_fifo.max_table_files_size: 1073741824
2019/10/24-20:49:07.974473 7fd8f5ec1700 Options.compaction_options_fifo.allow_compaction: 0
2019/10/24-20:49:07.974474 7fd8f5ec1700 Options.compaction_options_fifo.ttl: 0
2019/10/24-20:49:07.974474 7fd8f5ec1700                   Options.table_properties_collectors: 
2019/10/24-20:49:07.974475 7fd8f5ec1700                   Options.inplace_update_support: 0
2019/10/24-20:49:07.974476 7fd8f5ec1700                 Options.inplace_update_num_locks: 10000
2019/10/24-20:49:07.974476 7fd8f5ec1700               Options.memtable_prefix_bloom_size_ratio: 0.000000
2019/10/24-20:49:07.974478 7fd8f5ec1700   Options.memtable_huge_page_size: 0
2019/10/24-20:49:07.974478 7fd8f5ec1700                           Options.bloom_locality: 0
2019/10/24-20:49:07.974479 7fd8f5ec1700                    Options.max_successive_merges: 0
2019/10/24-20:49:07.974479 7fd8f5ec1700                Options.optimize_filters_for_hits: 0
2019/10/24-20:49:07.974480 7fd8f5ec1700                Options.paranoid_file_checks: 0
2019/10/24-20:49:07.974480 7fd8f5ec1700                Options.force_consistency_checks: 0
2019/10/24-20:49:07.974481 7fd8f5ec1700                Options.report_bg_io_stats: 0
2019/10/24-20:49:07.974481 7fd8f5ec1700                               Options.ttl: 0
2019/10/24-20:49:07.974507 7fd8f5ec1700 [db/column_family.cc:475] --------------- Options for column family []:
2019/10/24-20:49:07.974508 7fd8f5ec1700               Options.comparator: leveldb.BytewiseComparator
2019/10/24-20:49:07.974508 7fd8f5ec1700           Options.merge_operator: None
2019/10/24-20:49:07.974509 7fd8f5ec1700        Options.compaction_filter: None
2019/10/24-20:49:07.974509 7fd8f5ec1700        Options.compaction_filter_factory: None
2019/10/24-20:49:07.974510 7fd8f5ec1700         Options.memtable_factory: SkipListFactory
2019/10/24-20:49:07.974511 7fd8f5ec1700            Options.table_factory: BlockBasedTable
2019/10/24-20:49:07.974527 7fd8f5ec1700            table_factory options:   flush_block_policy_factory: FlushBlockBySizePolicyFactory (0x7fd8ed22a8c0)
  cache_index_and_filter_blocks: 0
  cache_index_and_filter_blocks_with_high_priority: 0
  pin_l0_filter_and_index_blocks_in_cache: 0
  pin_top_level_index_and_filter: 1
  index_type: 0
  hash_index_allow_collision: 1
  checksum: 1
  no_block_cache: 0
  block_cache: 0x7fd8ed22a900
  block_cache_name: LRUCache
  block_cache_options:
    capacity : 8388608
    num_shard_bits : 4
    strict_capacity_limit : 0
    high_pri_pool_ratio: 0.000
  block_cache_compressed: (nil)
  persistent_cache: (nil)
  block_size: 4096
  block_size_deviation: 10
  block_restart_interval: 16
  index_block_restart_interval: 1
  metadata_block_size: 4096
  partition_filters: 0
  use_delta_encoding: 1
  filter_policy: nullptr
  whole_key_filtering: 1
  verify_compression: 0
  read_amp_bytes_per_bit: 0
  format_version: 2
  enable_index_compression: 1
  block_align: 0
2019/10/24-20:49:07.974528 7fd8f5ec1700        Options.write_buffer_size: 67108864
2019/10/24-20:49:07.974529 7fd8f5ec1700  Options.max_write_buffer_number: 2
2019/10/24-20:49:07.974899 7fd8f5ec1700          Options.compression: Snappy
2019/10/24-20:49:07.974902 7fd8f5ec1700                  Options.bottommost_compression: Disabled
2019/10/24-20:49:07.974903 7fd8f5ec1700       Options.prefix_extractor: nullptr
2019/10/24-20:49:07.974903 7fd8f5ec1700   Options.memtable_insert_with_hint_prefix_extractor: nullptr
2019/10/24-20:49:07.974904 7fd8f5ec1700             Options.num_levels: 7
2019/10/24-20:49:07.974904 7fd8f5ec1700        Options.min_write_buffer_number_to_merge: 1
2019/10/24-20:49:07.974905 7fd8f5ec1700     Options.max_write_buffer_number_to_maintain: 2
2019/10/24-20:49:07.974905 7fd8f5ec1700            Options.bottommost_compression_opts.window_bits: -14
2019/10/24-20:49:07.974906 7fd8f5ec1700                  Options.bottommost_compression_opts.level: 32767
2019/10/24-20:49:07.974907 7fd8f5ec1700               Options.bottommost_compression_opts.strategy: 0
2019/10/24-20:49:07.974907 7fd8f5ec1700         Options.bottommost_compression_opts.max_dict_bytes: 0
2019/10/24-20:49:07.974908 7fd8f5ec1700         Options.bottommost_compression_opts.zstd_max_train_bytes: 0
2019/10/24-20:49:07.974908 7fd8f5ec1700                  Options.bottommost_compression_opts.enabled: false
2019/10/24-20:49:07.974909 7fd8f5ec1700            Options.compression_opts.window_bits: -14
2019/10/24-20:49:07.974909 7fd8f5ec1700                  Options.compression_opts.level: 32767
2019/10/24-20:49:07.974910 7fd8f5ec1700               Options.compression_opts.strategy: 0
2019/10/24-20:49:07.974910 7fd8f5ec1700         Options.compression_opts.max_dict_bytes: 0
2019/10/24-20:49:07.974911 7fd8f5ec1700         Options.compression_opts.zstd_max_train_bytes: 0
2019/10/24-20:49:07.974911 7fd8f5ec1700                  Options.compression_opts.enabled: false
2019/10/24-20:49:07.974912 7fd8f5ec1700      Options.level0_file_num_compaction_trigger: 4
2019/10/24-20:49:07.974912 7fd8f5ec1700          Options.level0_slowdown_writes_trigger: 20
2019/10/24-20:49:07.974913 7fd8f5ec1700              Options.level0_stop_writes_trigger: 36
2019/10/24-20:49:07.974913 7fd8f5ec1700                   Options.target_file_size_base: 67108864
2019/10/24-20:49:07.974914 7fd8f5ec1700             Options.target_file_size_multiplier: 1
2019/10/24-20:49:07.974914 7fd8f5ec1700                Options.max_bytes_for_level_base: 268435456
2019/10/24-20:49:07.974915 7fd8f5ec1700 Options.level_compaction_dynamic_level_bytes: 0
2019/10/24-20:49:07.974915 7fd8f5ec1700          Options.max_bytes_for_level_multiplier: 10.000000
2019/10/24-20:49:07.974917 7fd8f5ec1700 Options.max_bytes_for_level_multiplier_addtl[0]: 1
2019/10/24-20:49:07.974918 7fd8f5ec1700 Options.max_bytes_for_level_multiplier_addtl[1]: 1
2019/10/24-20:49:07.974918 7fd8f5ec1700 Options.max_bytes_for_level_multiplier_addtl[2]: 1
2019/10/24-20:49:07.974919 7fd8f5ec1700 Options.max_bytes_for_level_multiplier_addtl[3]: 1
2019/10/24-20:49:07.974919 7fd8f5ec1700 Options.max_bytes_for_level_multiplier_addtl[4]: 1
2019/10/24-20:49:07.974920 7fd8f5ec1700 Options.max_bytes_for_level_multiplier_addtl[5]: 1
2019/10/24-20:49:07.974920 7fd8f5ec1700 Options.max_bytes_for_level_multiplier_addtl[6]: 1
2019/10/24-20:49:07.974921 7fd8f5ec1700       Options.max_sequential_skip_in_iterations: 8
2019/10/24-20:49:07.974921 7fd8f5ec1700                    Options.max_compaction_bytes: 1677721600
2019/10/24-20:49:07.974922 7fd8f5ec1700                        Options.arena_block_size: 8388608
2019/10/24-20:49:07.974922 7fd8f5ec1700   Options.soft_pending_compaction_bytes_limit: 68719476736
2019/10/24-20:49:07.974923 7fd8f5ec1700   Options.hard_pending_compaction_bytes_limit: 274877906944
2019/10/24-20:49:07.974923 7fd8f5ec1700       Options.rate_limit_delay_max_milliseconds: 100
2019/10/24-20:49:07.974924 7fd8f5ec1700                Options.disable_auto_compactions: 1
2019/10/24-20:49:07.974925 7fd8f5ec1700                        Options.compaction_style: kCompactionStyleLevel
2019/10/24-20:49:07.974925 7fd8f5ec1700                          Options.compaction_pri: kByCompensatedSize
2019/10/24-20:49:07.975393 7fd8f5ec1700 Options.compaction_options_universal.size_ratio: 1
2019/10/24-20:49:07.975395 7fd8f5ec1700 Options.compaction_options_universal.min_merge_width: 2
2019/10/24-20:49:07.975396 7fd8f5ec1700 Options.compaction_options_universal.max_merge_width: 4294967295
2019/10/24-20:49:07.975397 7fd8f5ec1700 Options.compaction_options_universal.max_size_amplification_percent: 200
2019/10/24-20:49:07.975397 7fd8f5ec1700 Options.compaction_options_universal.compression_size_percent: -1
2019/10/24-20:49:07.975398 7fd8f5ec1700 Options.compaction_options_universal.stop_style: kCompactionStopStyleTotalSize
2019/10/24-20:49:07.975399 7fd8f5ec1700 Options.compaction_options_fifo.max_table_files_size: 1073741824
2019/10/24-20:49:07.975399 7fd8f5ec1700 Options.compaction_options_fifo.allow_compaction: 0
2019/10/24-20:49:07.975400 7fd8f5ec1700 Options.compaction_options_fifo.ttl: 0
2019/10/24-20:49:07.975400 7fd8f5ec1700                   Options.table_properties_collectors: 
2019/10/24-20:49:07.975401 7fd8f5ec1700                   Options.inplace_update_support: 0
2019/10/24-20:49:07.975401 7fd8f5ec1700                 Options.inplace_update_num_locks: 10000
2019/10/24-20:49:07.975402 7fd8f5ec1700               Options.memtable_prefix_bloom_size_ratio: 0.000000
2019/10/24-20:49:07.975404 7fd8f5ec1700   Options.memtable_huge_page_size: 0
2019/10/24-20:49:07.975404 7fd8f5ec1700                           Options.bloom_locality: 0
2019/10/24-20:49:07.975405 7fd8f5ec1700                    Options.max_successive_merges: 0
2019/10/24-20:49:07.975405 7fd8f5ec1700                Options.optimize_filters_for_hits: 0
2019/10/24-20:49:07.975406 7fd8f5ec1700                Options.paranoid_file_checks: 0
2019/10/24-20:49:07.975406 7fd8f5ec1700                Options.force_consistency_checks: 0
2019/10/24-20:49:07.975407 7fd8f5ec1700                Options.report_bg_io_stats: 0
2019/10/24-20:49:07.975407 7fd8f5ec1700                               Options.ttl: 0
2019/10/24-20:49:07.975430 7fd8f5ec1700 [db/column_family.cc:475] --------------- Options for column family []:
2019/10/24-20:49:07.975431 7fd8f5ec1700               Options.comparator: leveldb.BytewiseComparator
2019/10/24-20:49:07.975432 7fd8f5ec1700           Options.merge_operator: None
2019/10/24-20:49:07.975432 7fd8f5ec1700        Options.compaction_filter: None
2019/10/24-20:49:07.975433 7fd8f5ec1700        Options.compaction_filter_factory: None
2019/10/24-20:49:07.975433 7fd8f5ec1700         Options.memtable_factory: SkipListFactory
2019/10/24-20:49:07.975434 7fd8f5ec1700            Options.table_factory: BlockBasedTable
2019/10/24-20:49:07.975450 7fd8f5ec1700            table_factory options:   flush_block_policy_factory: FlushBlockBySizePolicyFactory (0x7fd8ed22c670)
  cache_index_and_filter_blocks: 0
  cache_index_and_filter_blocks_with_high_priority: 0
  pin_l0_filter_and_index_blocks_in_cache: 0
  pin_top_level_index_and_filter: 1
  index_type: 0
  hash_index_allow_collision: 1
  checksum: 1
