2019/10/24-18:27:31.181713 7f6d5cfcf700 RocksDB version: 5.15.10
2019/10/24-18:27:31.182740 7f6d5cfcf700 Git sha rocksdb_build_git_sha:
2019/10/24-18:27:31.182894 7f6d5cfcf700 Compile date Oct  9 2018
2019/10/24-18:27:31.182897 7f6d5cfcf700 DB SUMMARY
2019/10/24-18:27:31.185675 7f6d5cfcf700 CURRENT file:  CURRENT
2019/10/24-18:27:31.185678 7f6d5cfcf700 IDENTITY file:  IDENTITY
2019/10/24-18:27:31.186465 7f6d5cfcf700 MANIFEST file:  MANIFEST-000004 size: 365 Bytes
2019/10/24-18:27:31.186527 7f6d5cfcf700 SST files in /besu/ignore/Node-2/data/database dir, Total Num: 0, files: 
2019/10/24-18:27:31.186532 7f6d5cfcf700 Write Ahead Log file in /besu/ignore/Node-2/data/database: 000003.log size: 214778 ; 
2019/10/24-18:27:31.186535 7f6d5cfcf700                         Options.error_if_exists: 0
2019/10/24-18:27:31.186536 7f6d5cfcf700                       Options.create_if_missing: 1
2019/10/24-18:27:31.186536 7f6d5cfcf700                         Options.paranoid_checks: 1
2019/10/24-18:27:31.186537 7f6d5cfcf700                                     Options.env: 0x7f6cfe07c100
2019/10/24-18:27:31.186537 7f6d5cfcf700                                Options.info_log: 0x7f6d55244520
2019/10/24-18:27:31.186538 7f6d5cfcf700                Options.max_file_opening_threads: 16
2019/10/24-18:27:31.186539 7f6d5cfcf700                              Options.statistics: 0x7f6d551e1650
2019/10/24-18:27:31.186539 7f6d5cfcf700                               Options.use_fsync: 0
2019/10/24-18:27:31.186540 7f6d5cfcf700                       Options.max_log_file_size: 0
2019/10/24-18:27:31.186540 7f6d5cfcf700                  Options.max_manifest_file_size: 1073741824
2019/10/24-18:27:31.186541 7f6d5cfcf700                   Options.log_file_time_to_roll: 0
2019/10/24-18:27:31.186541 7f6d5cfcf700                       Options.keep_log_file_num: 1000
2019/10/24-18:27:31.186542 7f6d5cfcf700                    Options.recycle_log_file_num: 0
2019/10/24-18:27:31.186542 7f6d5cfcf700                         Options.allow_fallocate: 1
2019/10/24-18:27:31.186543 7f6d5cfcf700                        Options.allow_mmap_reads: 0
2019/10/24-18:27:31.186543 7f6d5cfcf700                       Options.allow_mmap_writes: 0
2019/10/24-18:27:31.186544 7f6d5cfcf700                        Options.use_direct_reads: 0
2019/10/24-18:27:31.186544 7f6d5cfcf700                        Options.use_direct_io_for_flush_and_compaction: 0
2019/10/24-18:27:31.186545 7f6d5cfcf700          Options.create_missing_column_families: 1
2019/10/24-18:27:31.186545 7f6d5cfcf700                              Options.db_log_dir: 
2019/10/24-18:27:31.186546 7f6d5cfcf700                                 Options.wal_dir: /besu/ignore/Node-2/data/database
2019/10/24-18:27:31.186546 7f6d5cfcf700                Options.table_cache_numshardbits: 6
2019/10/24-18:27:31.186547 7f6d5cfcf700                      Options.max_subcompactions: 1
2019/10/24-18:27:31.186547 7f6d5cfcf700                  Options.max_background_flushes: -1
2019/10/24-18:27:31.186548 7f6d5cfcf700                         Options.WAL_ttl_seconds: 0
2019/10/24-18:27:31.186548 7f6d5cfcf700                       Options.WAL_size_limit_MB: 0
2019/10/24-18:27:31.186549 7f6d5cfcf700             Options.manifest_preallocation_size: 4194304
2019/10/24-18:27:31.186550 7f6d5cfcf700                     Options.is_fd_close_on_exec: 1
2019/10/24-18:27:31.186550 7f6d5cfcf700                   Options.advise_random_on_open: 1
2019/10/24-18:27:31.186551 7f6d5cfcf700                    Options.db_write_buffer_size: 0
2019/10/24-18:27:31.186551 7f6d5cfcf700                    Options.write_buffer_manager: 0x7f6d55244430
2019/10/24-18:27:31.186552 7f6d5cfcf700         Options.access_hint_on_compaction_start: 1
2019/10/24-18:27:31.186552 7f6d5cfcf700  Options.new_table_reader_for_compaction_inputs: 0
2019/10/24-18:27:31.186553 7f6d5cfcf700           Options.random_access_max_buffer_size: 1048576
2019/10/24-18:27:31.186553 7f6d5cfcf700                      Options.use_adaptive_mutex: 0
2019/10/24-18:27:31.186554 7f6d5cfcf700                            Options.rate_limiter: (nil)
2019/10/24-18:27:31.186555 7f6d5cfcf700     Options.sst_file_manager.rate_bytes_per_sec: 0
2019/10/24-18:27:31.186927 7f6d5cfcf700                       Options.wal_recovery_mode: 2
2019/10/24-18:27:31.186929 7f6d5cfcf700                  Options.enable_thread_tracking: 0
2019/10/24-18:27:31.186952 7f6d5cfcf700                  Options.enable_pipelined_write: 0
2019/10/24-18:27:31.186953 7f6d5cfcf700         Options.allow_concurrent_memtable_write: 1
2019/10/24-18:27:31.186954 7f6d5cfcf700      Options.enable_write_thread_adaptive_yield: 1
2019/10/24-18:27:31.186954 7f6d5cfcf700             Options.write_thread_max_yield_usec: 100
2019/10/24-18:27:31.186955 7f6d5cfcf700            Options.write_thread_slow_yield_usec: 3
2019/10/24-18:27:31.186955 7f6d5cfcf700                               Options.row_cache: None
2019/10/24-18:27:31.186956 7f6d5cfcf700                              Options.wal_filter: None
2019/10/24-18:27:31.186956 7f6d5cfcf700             Options.avoid_flush_during_recovery: 0
2019/10/24-18:27:31.186957 7f6d5cfcf700             Options.allow_ingest_behind: 0
2019/10/24-18:27:31.186957 7f6d5cfcf700             Options.preserve_deletes: 0
2019/10/24-18:27:31.186958 7f6d5cfcf700             Options.two_write_queues: 0
2019/10/24-18:27:31.186959 7f6d5cfcf700             Options.manual_wal_flush: 0
2019/10/24-18:27:31.186961 7f6d5cfcf700             Options.max_background_jobs: 2
2019/10/24-18:27:31.186961 7f6d5cfcf700             Options.max_background_compactions: 4
2019/10/24-18:27:31.186962 7f6d5cfcf700             Options.avoid_flush_during_shutdown: 0
2019/10/24-18:27:31.186962 7f6d5cfcf700           Options.writable_file_max_buffer_size: 1048576
2019/10/24-18:27:31.186963 7f6d5cfcf700             Options.delayed_write_rate : 16777216
2019/10/24-18:27:31.186964 7f6d5cfcf700             Options.max_total_wal_size: 0
2019/10/24-18:27:31.186964 7f6d5cfcf700             Options.delete_obsolete_files_period_micros: 21600000000
2019/10/24-18:27:31.186965 7f6d5cfcf700                   Options.stats_dump_period_sec: 600
2019/10/24-18:27:31.186965 7f6d5cfcf700                          Options.max_open_files: 1024
2019/10/24-18:27:31.186966 7f6d5cfcf700                          Options.bytes_per_sync: 0
2019/10/24-18:27:31.186966 7f6d5cfcf700                      Options.wal_bytes_per_sync: 0
2019/10/24-18:27:31.186967 7f6d5cfcf700       Options.compaction_readahead_size: 0
2019/10/24-18:27:31.186967 7f6d5cfcf700 Compression algorithms supported:
2019/10/24-18:27:31.186968 7f6d5cfcf700 	kZSTDNotFinalCompression supported: 1
2019/10/24-18:27:31.186974 7f6d5cfcf700 	kZSTD supported: 1
2019/10/24-18:27:31.186975 7f6d5cfcf700 	kXpressCompression supported: 0
2019/10/24-18:27:31.186976 7f6d5cfcf700 	kLZ4HCCompression supported: 1
2019/10/24-18:27:31.186977 7f6d5cfcf700 	kLZ4Compression supported: 1
2019/10/24-18:27:31.186977 7f6d5cfcf700 	kBZip2Compression supported: 1
2019/10/24-18:27:31.186978 7f6d5cfcf700 	kZlibCompression supported: 1
2019/10/24-18:27:31.186978 7f6d5cfcf700 	kSnappyCompression supported: 1
2019/10/24-18:27:31.186982 7f6d5cfcf700 Fast CRC32 supported: Not supported on x86
2019/10/24-18:27:31.196210 7f6d5cfcf700 [db/version_set.cc:3248] Recovering from manifest file: MANIFEST-000004
2019/10/24-18:27:31.197404 7f6d5cfcf700 [db/column_family.cc:475] --------------- Options for column family [default]:
2019/10/24-18:27:31.197407 7f6d5cfcf700               Options.comparator: leveldb.BytewiseComparator
2019/10/24-18:27:31.197408 7f6d5cfcf700           Options.merge_operator: None
2019/10/24-18:27:31.197408 7f6d5cfcf700        Options.compaction_filter: None
2019/10/24-18:27:31.197409 7f6d5cfcf700        Options.compaction_filter_factory: None
2019/10/24-18:27:31.197409 7f6d5cfcf700         Options.memtable_factory: SkipListFactory
2019/10/24-18:27:31.197410 7f6d5cfcf700            Options.table_factory: BlockBasedTable
2019/10/24-18:27:31.197430 7f6d5cfcf700            table_factory options:   flush_block_policy_factory: FlushBlockBySizePolicyFactory (0x7f6d551e4f10)
  cache_index_and_filter_blocks: 0
  cache_index_and_filter_blocks_with_high_priority: 0
  pin_l0_filter_and_index_blocks_in_cache: 0
  pin_top_level_index_and_filter: 1
  index_type: 0
  hash_index_allow_collision: 1
  checksum: 1
  no_block_cache: 0
  block_cache: 0x7f6d551e31e0
  block_cache_name: LRUCache
  block_cache_options:
    capacity : 8388608
    num_shard_bits : 4
    strict_capacity_limit : 0
    high_pri_pool_ratio: 0.000
  block_cache_compressed: (nil)
  persistent_cache: (nil)
  block_size: 4096
  block_size_deviation: 10
  block_restart_interval: 16
  index_block_restart_interval: 1
  metadata_block_size: 4096
  partition_filters: 0
  use_delta_encoding: 1
  filter_policy: nullptr
  whole_key_filtering: 1
  verify_compression: 0
  read_amp_bytes_per_bit: 0
  format_version: 0
  enable_index_compression: 1
  block_align: 0
2019/10/24-18:27:31.197700 7f6d5cfcf700        Options.write_buffer_size: 67108864
2019/10/24-18:27:31.197702 7f6d5cfcf700  Options.max_write_buffer_number: 2
2019/10/24-18:27:31.197759 7f6d5cfcf700          Options.compression: Snappy
2019/10/24-18:27:31.197760 7f6d5cfcf700                  Options.bottommost_compression: Disabled
2019/10/24-18:27:31.197761 7f6d5cfcf700       Options.prefix_extractor: nullptr
2019/10/24-18:27:31.197762 7f6d5cfcf700   Options.memtable_insert_with_hint_prefix_extractor: nullptr
2019/10/24-18:27:31.197762 7f6d5cfcf700             Options.num_levels: 7
2019/10/24-18:27:31.197763 7f6d5cfcf700        Options.min_write_buffer_number_to_merge: 1
2019/10/24-18:27:31.197763 7f6d5cfcf700     Options.max_write_buffer_number_to_maintain: 2
2019/10/24-18:27:31.197764 7f6d5cfcf700            Options.bottommost_compression_opts.window_bits: -14
2019/10/24-18:27:31.197764 7f6d5cfcf700                  Options.bottommost_compression_opts.level: 32767
2019/10/24-18:27:31.197765 7f6d5cfcf700               Options.bottommost_compression_opts.strategy: 0
2019/10/24-18:27:31.197766 7f6d5cfcf700         Options.bottommost_compression_opts.max_dict_bytes: 0
2019/10/24-18:27:31.197766 7f6d5cfcf700         Options.bottommost_compression_opts.zstd_max_train_bytes: 0
2019/10/24-18:27:31.197767 7f6d5cfcf700                  Options.bottommost_compression_opts.enabled: false
2019/10/24-18:27:31.197767 7f6d5cfcf700            Options.compression_opts.window_bits: -14
2019/10/24-18:27:31.197768 7f6d5cfcf700                  Options.compression_opts.level: 32767
2019/10/24-18:27:31.197768 7f6d5cfcf700               Options.compression_opts.strategy: 0
2019/10/24-18:27:31.197769 7f6d5cfcf700         Options.compression_opts.max_dict_bytes: 0
2019/10/24-18:27:31.197769 7f6d5cfcf700         Options.compression_opts.zstd_max_train_bytes: 0
2019/10/24-18:27:31.197770 7f6d5cfcf700                  Options.compression_opts.enabled: false
2019/10/24-18:27:31.197770 7f6d5cfcf700      Options.level0_file_num_compaction_trigger: 4
2019/10/24-18:27:31.197771 7f6d5cfcf700          Options.level0_slowdown_writes_trigger: 20
2019/10/24-18:27:31.197771 7f6d5cfcf700              Options.level0_stop_writes_trigger: 36
2019/10/24-18:27:31.197772 7f6d5cfcf700                   Options.target_file_size_base: 67108864
2019/10/24-18:27:31.197773 7f6d5cfcf700             Options.target_file_size_multiplier: 1
2019/10/24-18:27:31.197773 7f6d5cfcf700                Options.max_bytes_for_level_base: 268435456
2019/10/24-18:27:31.197774 7f6d5cfcf700 Options.level_compaction_dynamic_level_bytes: 0
2019/10/24-18:27:31.197774 7f6d5cfcf700          Options.max_bytes_for_level_multiplier: 10.000000
2019/10/24-18:27:31.197776 7f6d5cfcf700 Options.max_bytes_for_level_multiplier_addtl[0]: 1
2019/10/24-18:27:31.197777 7f6d5cfcf700 Options.max_bytes_for_level_multiplier_addtl[1]: 1
2019/10/24-18:27:31.197778 7f6d5cfcf700 Options.max_bytes_for_level_multiplier_addtl[2]: 1
2019/10/24-18:27:31.197778 7f6d5cfcf700 Options.max_bytes_for_level_multiplier_addtl[3]: 1
2019/10/24-18:27:31.197779 7f6d5cfcf700 Options.max_bytes_for_level_multiplier_addtl[4]: 1
2019/10/24-18:27:31.197779 7f6d5cfcf700 Options.max_bytes_for_level_multiplier_addtl[5]: 1
2019/10/24-18:27:31.197780 7f6d5cfcf700 Options.max_bytes_for_level_multiplier_addtl[6]: 1
2019/10/24-18:27:31.198038 7f6d5cfcf700       Options.max_sequential_skip_in_iterations: 8
2019/10/24-18:27:31.198040 7f6d5cfcf700                    Options.max_compaction_bytes: 1677721600
2019/10/24-18:27:31.198041 7f6d5cfcf700                        Options.arena_block_size: 8388608
2019/10/24-18:27:31.198042 7f6d5cfcf700   Options.soft_pending_compaction_bytes_limit: 68719476736
2019/10/24-18:27:31.198042 7f6d5cfcf700   Options.hard_pending_compaction_bytes_limit: 274877906944
2019/10/24-18:27:31.198043 7f6d5cfcf700       Options.rate_limit_delay_max_milliseconds: 100
2019/10/24-18:27:31.198044 7f6d5cfcf700                Options.disable_auto_compactions: 1
2019/10/24-18:27:31.198151 7f6d5cfcf700                        Options.compaction_style: kCompactionStyleLevel
2019/10/24-18:27:31.198152 7f6d5cfcf700                          Options.compaction_pri: kByCompensatedSize
2019/10/24-18:27:31.198153 7f6d5cfcf700 Options.compaction_options_universal.size_ratio: 1
2019/10/24-18:27:31.198154 7f6d5cfcf700 Options.compaction_options_universal.min_merge_width: 2
2019/10/24-18:27:31.198154 7f6d5cfcf700 Options.compaction_options_universal.max_merge_width: 4294967295
2019/10/24-18:27:31.198155 7f6d5cfcf700 Options.compaction_options_universal.max_size_amplification_percent: 200
2019/10/24-18:27:31.198156 7f6d5cfcf700 Options.compaction_options_universal.compression_size_percent: -1
2019/10/24-18:27:31.198157 7f6d5cfcf700 Options.compaction_options_universal.stop_style: kCompactionStopStyleTotalSize
2019/10/24-18:27:31.198157 7f6d5cfcf700 Options.compaction_options_fifo.max_table_files_size: 1073741824
2019/10/24-18:27:31.198158 7f6d5cfcf700 Options.compaction_options_fifo.allow_compaction: 0
2019/10/24-18:27:31.198158 7f6d5cfcf700 Options.compaction_options_fifo.ttl: 0
2019/10/24-18:27:31.198159 7f6d5cfcf700                   Options.table_properties_collectors: 
2019/10/24-18:27:31.198159 7f6d5cfcf700                   Options.inplace_update_support: 0
2019/10/24-18:27:31.198160 7f6d5cfcf700                 Options.inplace_update_num_locks: 10000
2019/10/24-18:27:31.198160 7f6d5cfcf700               Options.memtable_prefix_bloom_size_ratio: 0.000000
2019/10/24-18:27:31.198162 7f6d5cfcf700   Options.memtable_huge_page_size: 0
2019/10/24-18:27:31.198162 7f6d5cfcf700                           Options.bloom_locality: 0
2019/10/24-18:27:31.198163 7f6d5cfcf700                    Options.max_successive_merges: 0
2019/10/24-18:27:31.198163 7f6d5cfcf700                Options.optimize_filters_for_hits: 0
2019/10/24-18:27:31.198164 7f6d5cfcf700                Options.paranoid_file_checks: 0
2019/10/24-18:27:31.198164 7f6d5cfcf700                Options.force_consistency_checks: 0
2019/10/24-18:27:31.198165 7f6d5cfcf700                Options.report_bg_io_stats: 0
2019/10/24-18:27:31.198166 7f6d5cfcf700                               Options.ttl: 0
2019/10/24-18:27:31.199646 7f6d5cfcf700 [db/column_family.cc:475] --------------- Options for column family []:
2019/10/24-18:27:31.199649 7f6d5cfcf700               Options.comparator: leveldb.BytewiseComparator
2019/10/24-18:27:31.199650 7f6d5cfcf700           Options.merge_operator: None
2019/10/24-18:27:31.199651 7f6d5cfcf700        Options.compaction_filter: None
2019/10/24-18:27:31.199651 7f6d5cfcf700        Options.compaction_filter_factory: None
2019/10/24-18:27:31.199652 7f6d5cfcf700         Options.memtable_factory: SkipListFactory
2019/10/24-18:27:31.199652 7f6d5cfcf700            Options.table_factory: BlockBasedTable
2019/10/24-18:27:31.199667 7f6d5cfcf700            table_factory options:   flush_block_policy_factory: FlushBlockBySizePolicyFactory (0x7f6d551de530)
  cache_index_and_filter_blocks: 0
  cache_index_and_filter_blocks_with_high_priority: 0
  pin_l0_filter_and_index_blocks_in_cache: 0
  pin_top_level_index_and_filter: 1
  index_type: 0
  hash_index_allow_collision: 1
  checksum: 1
  no_block_cache: 0
  block_cache: 0x7f6d551ddf80
  block_cache_name: LRUCache
  block_cache_options:
    capacity : 8388608
    num_shard_bits : 4
    strict_capacity_limit : 0
    high_pri_pool_ratio: 0.000
  block_cache_compressed: (nil)
  persistent_cache: (nil)
  block_size: 4096
  block_size_deviation: 10
  block_restart_interval: 16
  index_block_restart_interval: 1
  metadata_block_size: 4096
  partition_filters: 0
  use_delta_encoding: 1
  filter_policy: nullptr
  whole_key_filtering: 1
  verify_compression: 0
  read_amp_bytes_per_bit: 0
  format_version: 2
  enable_index_compression: 1
  block_align: 0
2019/10/24-18:27:31.199896 7f6d5cfcf700        Options.write_buffer_size: 67108864
2019/10/24-18:27:31.199898 7f6d5cfcf700  Options.max_write_buffer_number: 2
2019/10/24-18:27:31.200010 7f6d5cfcf700          Options.compression: Snappy
2019/10/24-18:27:31.200011 7f6d5cfcf700                  Options.bottommost_compression: Disabled
2019/10/24-18:27:31.200012 7f6d5cfcf700       Options.prefix_extractor: nullptr
2019/10/24-18:27:31.200013 7f6d5cfcf700   Options.memtable_insert_with_hint_prefix_extractor: nullptr
2019/10/24-18:27:31.200013 7f6d5cfcf700             Options.num_levels: 7
2019/10/24-18:27:31.200014 7f6d5cfcf700        Options.min_write_buffer_number_to_merge: 1
2019/10/24-18:27:31.200014 7f6d5cfcf700     Options.max_write_buffer_number_to_maintain: 2
2019/10/24-18:27:31.200015 7f6d5cfcf700            Options.bottommost_compression_opts.window_bits: -14
2019/10/24-18:27:31.200015 7f6d5cfcf700                  Options.bottommost_compression_opts.level: 32767
2019/10/24-18:27:31.200016 7f6d5cfcf700               Options.bottommost_compression_opts.strategy: 0
2019/10/24-18:27:31.200016 7f6d5cfcf700         Options.bottommost_compression_opts.max_dict_bytes: 0
2019/10/24-18:27:31.200017 7f6d5cfcf700         Options.bottommost_compression_opts.zstd_max_train_bytes: 0
2019/10/24-18:27:31.200017 7f6d5cfcf700                  Options.bottommost_compression_opts.enabled: false
2019/10/24-18:27:31.200018 7f6d5cfcf700            Options.compression_opts.window_bits: -14
2019/10/24-18:27:31.200019 7f6d5cfcf700                  Options.compression_opts.level: 32767
2019/10/24-18:27:31.200019 7f6d5cfcf700               Options.compression_opts.strategy: 0
2019/10/24-18:27:31.200020 7f6d5cfcf700         Options.compression_opts.max_dict_bytes: 0
2019/10/24-18:27:31.200020 7f6d5cfcf700         Options.compression_opts.zstd_max_train_bytes: 0
2019/10/24-18:27:31.200021 7f6d5cfcf700                  Options.compression_opts.enabled: false
2019/10/24-18:27:31.200021 7f6d5cfcf700      Options.level0_file_num_compaction_trigger: 4
2019/10/24-18:27:31.200022 7f6d5cfcf700          Options.level0_slowdown_writes_trigger: 20
2019/10/24-18:27:31.200022 7f6d5cfcf700              Options.level0_stop_writes_trigger: 36
2019/10/24-18:27:31.200023 7f6d5cfcf700                   Options.target_file_size_base: 67108864
2019/10/24-18:27:31.200023 7f6d5cfcf700             Options.target_file_size_multiplier: 1
2019/10/24-18:27:31.200024 7f6d5cfcf700                Options.max_bytes_for_level_base: 268435456
2019/10/24-18:27:31.200024 7f6d5cfcf700 Options.level_compaction_dynamic_level_bytes: 0
2019/10/24-18:27:31.200025 7f6d5cfcf700          Options.max_bytes_for_level_multiplier: 10.000000
2019/10/24-18:27:31.200027 7f6d5cfcf700 Options.max_bytes_for_level_multiplier_addtl[0]: 1
2019/10/24-18:27:31.200027 7f6d5cfcf700 Options.max_bytes_for_level_multiplier_addtl[1]: 1
2019/10/24-18:27:31.200028 7f6d5cfcf700 Options.max_bytes_for_level_multiplier_addtl[2]: 1
2019/10/24-18:27:31.200028 7f6d5cfcf700 Options.max_bytes_for_level_multiplier_addtl[3]: 1
2019/10/24-18:27:31.200029 7f6d5cfcf700 Options.max_bytes_for_level_multiplier_addtl[4]: 1
2019/10/24-18:27:31.200029 7f6d5cfcf700 Options.max_bytes_for_level_multiplier_addtl[5]: 1
2019/10/24-18:27:31.200030 7f6d5cfcf700 Options.max_bytes_for_level_multiplier_addtl[6]: 1
2019/10/24-18:27:31.200030 7f6d5cfcf700       Options.max_sequential_skip_in_iterations: 8
2019/10/24-18:27:31.200031 7f6d5cfcf700                    Options.max_compaction_bytes: 1677721600
2019/10/24-18:27:31.200031 7f6d5cfcf700                        Options.arena_block_size: 8388608
2019/10/24-18:27:31.200393 7f6d5cfcf700   Options.soft_pending_compaction_bytes_limit: 68719476736
2019/10/24-18:27:31.200395 7f6d5cfcf700   Options.hard_pending_compaction_bytes_limit: 274877906944
2019/10/24-18:27:31.200396 7f6d5cfcf700       Options.rate_limit_delay_max_milliseconds: 100
2019/10/24-18:27:31.200396 7f6d5cfcf700                Options.disable_auto_compactions: 1
2019/10/24-18:27:31.200397 7f6d5cfcf700                        Options.compaction_style: kCompactionStyleLevel
2019/10/24-18:27:31.200398 7f6d5cfcf700                          Options.compaction_pri: kByCompensatedSize
2019/10/24-18:27:31.200398 7f6d5cfcf700 Options.compaction_options_universal.size_ratio: 1
2019/10/24-18:27:31.200399 7f6d5cfcf700 Options.compaction_options_universal.min_merge_width: 2
2019/10/24-18:27:31.200399 7f6d5cfcf700 Options.compaction_options_universal.max_merge_width: 4294967295
2019/10/24-18:27:31.200400 7f6d5cfcf700 Options.compaction_options_universal.max_size_amplification_percent: 200
2019/10/24-18:27:31.200400 7f6d5cfcf700 Options.compaction_options_universal.compression_size_percent: -1
2019/10/24-18:27:31.200401 7f6d5cfcf700 Options.compaction_options_universal.stop_style: kCompactionStopStyleTotalSize
2019/10/24-18:27:31.200402 7f6d5cfcf700 Options.compaction_options_fifo.max_table_files_size: 1073741824
2019/10/24-18:27:31.200402 7f6d5cfcf700 Options.compaction_options_fifo.allow_compaction: 0
2019/10/24-18:27:31.200403 7f6d5cfcf700 Options.compaction_options_fifo.ttl: 0
2019/10/24-18:27:31.200403 7f6d5cfcf700                   Options.table_properties_collectors: 
2019/10/24-18:27:31.200404 7f6d5cfcf700                   Options.inplace_update_support: 0
2019/10/24-18:27:31.200404 7f6d5cfcf700                 Options.inplace_update_num_locks: 10000
2019/10/24-18:27:31.200405 7f6d5cfcf700               Options.memtable_prefix_bloom_size_ratio: 0.000000
2019/10/24-18:27:31.200406 7f6d5cfcf700   Options.memtable_huge_page_size: 0
2019/10/24-18:27:31.200407 7f6d5cfcf700                           Options.bloom_locality: 0
2019/10/24-18:27:31.200407 7f6d5cfcf700                    Options.max_successive_merges: 0
2019/10/24-18:27:31.200408 7f6d5cfcf700                Options.optimize_filters_for_hits: 0
2019/10/24-18:27:31.200408 7f6d5cfcf700                Options.paranoid_file_checks: 0
2019/10/24-18:27:31.200409 7f6d5cfcf700                Options.force_consistency_checks: 0
2019/10/24-18:27:31.200409 7f6d5cfcf700                Options.report_bg_io_stats: 0
2019/10/24-18:27:31.200410 7f6d5cfcf700                               Options.ttl: 0
2019/10/24-18:27:31.200433 7f6d5cfcf700 [db/column_family.cc:475] --------------- Options for column family []:
2019/10/24-18:27:31.200434 7f6d5cfcf700               Options.comparator: leveldb.BytewiseComparator
2019/10/24-18:27:31.200435 7f6d5cfcf700           Options.merge_operator: None
2019/10/24-18:27:31.200436 7f6d5cfcf700        Options.compaction_filter: None
2019/10/24-18:27:31.200436 7f6d5cfcf700        Options.compaction_filter_factory: None
2019/10/24-18:27:31.200437 7f6d5cfcf700         Options.memtable_factory: SkipListFactory
2019/10/24-18:27:31.200437 7f6d5cfcf700            Options.table_factory: BlockBasedTable
2019/10/24-18:27:31.200451 7f6d5cfcf700            table_factory options:   flush_block_policy_factory: FlushBlockBySizePolicyFactory (0x7f6d551dd8f0)
  cache_index_and_filter_blocks: 0
  cache_index_and_filter_blocks_with_high_priority: 0
  pin_l0_filter_and_index_blocks_in_cache: 0
  pin_top_level_index_and_filter: 1
  index_type: 0
  hash_index_allow_collision: 1
  checksum: 1
  no_block_cache: 0
  block_cache: 0x7f6d551dd930
  block_cache_name: LRUCache
  block_cache_options:
    capacity : 8388608
    num_shard_bits : 4
    strict_capacity_limit : 0
    high_pri_pool_ratio: 0.000
  block_cache_compressed: (nil)
  persistent_cache: (nil)
  block_size: 4096
  block_size_deviation: 10
  block_restart_interval: 16
  index_block_restart_interval: 1
  metadata_block_size: 4096
  partition_filters: 0
  use_delta_encoding: 1
  filter_policy: nullptr
  whole_key_filtering: 1
  verify_compression: 0
  read_amp_bytes_per_bit: 0
  format_version: 2
  enable_index_compression: 1
  block_align: 0
2019/10/24-18:27:31.200753 7f6d5cfcf700        Options.write_buffer_size: 67108864
2019/10/24-18:27:31.200755 7f6d5cfcf700  Options.max_write_buffer_number: 2
2019/10/24-18:27:31.200756 7f6d5cfcf700          Options.compression: Snappy
2019/10/24-18:27:31.200757 7f6d5cfcf700                  Options.bottommost_compression: Disabled
2019/10/24-18:27:31.200781 7f6d5cfcf700       Options.prefix_extractor: nullptr
2019/10/24-18:27:31.200782 7f6d5cfcf700   Options.memtable_insert_with_hint_prefix_extractor: nullptr
2019/10/24-18:27:31.200782 7f6d5cfcf700             Options.num_levels: 7
2019/10/24-18:27:31.200783 7f6d5cfcf700        Options.min_write_buffer_number_to_merge: 1
2019/10/24-18:27:31.200784 7f6d5cfcf700     Options.max_write_buffer_number_to_maintain: 2
2019/10/24-18:27:31.200784 7f6d5cfcf700            Options.bottommost_compression_opts.window_bits: -14
2019/10/24-18:27:31.200784 7f6d5cfcf700                  Options.bottommost_compression_opts.level: 32767
2019/10/24-18:27:31.200785 7f6d5cfcf700               Options.bottommost_compression_opts.strategy: 0
2019/10/24-18:27:31.200786 7f6d5cfcf700         Options.bottommost_compression_opts.max_dict_bytes: 0
2019/10/24-18:27:31.200786 7f6d5cfcf700         Options.bottommost_compression_opts.zstd_max_train_bytes: 0
2019/10/24-18:27:31.200787 7f6d5cfcf700                  Options.bottommost_compression_opts.enabled: false
2019/10/24-18:27:31.200787 7f6d5cfcf700            Options.compression_opts.window_bits: -14
2019/10/24-18:27:31.200788 7f6d5cfcf700                  Options.compression_opts.level: 32767
2019/10/24-18:27:31.200788 7f6d5cfcf700               Options.compression_opts.strategy: 0
2019/10/24-18:27:31.200789 7f6d5cfcf700         Options.compression_opts.max_dict_bytes: 0
2019/10/24-18:27:31.200789 7f6d5cfcf700         Options.compression_opts.zstd_max_train_bytes: 0
2019/10/24-18:27:31.200790 7f6d5cfcf700                  Options.compression_opts.enabled: false
2019/10/24-18:27:31.200790 7f6d5cfcf700      Options.level0_file_num_compaction_trigger: 4
2019/10/24-18:27:31.200791 7f6d5cfcf700          Options.level0_slowdown_writes_trigger: 20
2019/10/24-18:27:31.200791 7f6d5cfcf700              Options.level0_stop_writes_trigger: 36
2019/10/24-18:27:31.200792 7f6d5cfcf700                   Options.target_file_size_base: 67108864
2019/10/24-18:27:31.200792 7f6d5cfcf700             Options.target_file_size_multiplier: 1
2019/10/24-18:27:31.200793 7f6d5cfcf700                Options.max_bytes_for_level_base: 268435456
2019/10/24-18:27:31.200793 7f6d5cfcf700 Options.level_compaction_dynamic_level_bytes: 0
2019/10/24-18:27:31.200794 7f6d5cfcf700          Options.max_bytes_for_level_multiplier: 10.000000
2019/10/24-18:27:31.200795 7f6d5cfcf700 Options.max_bytes_for_level_multiplier_addtl[0]: 1
2019/10/24-18:27:31.200796 7f6d5cfcf700 Options.max_bytes_for_level_multiplier_addtl[1]: 1
2019/10/24-18:27:31.200797 7f6d5cfcf700 Options.max_bytes_for_level_multiplier_addtl[2]: 1
2019/10/24-18:27:31.200797 7f6d5cfcf700 Options.max_bytes_for_level_multiplier_addtl[3]: 1
2019/10/24-18:27:31.200798 7f6d5cfcf700 Options.max_bytes_for_level_multiplier_addtl[4]: 1
2019/10/24-18:27:31.200798 7f6d5cfcf700 Options.max_bytes_for_level_multiplier_addtl[5]: 1
2019/10/24-18:27:31.200799 7f6d5cfcf700 Options.max_bytes_for_level_multiplier_addtl[6]: 1
2019/10/24-18:27:31.200799 7f6d5cfcf700       Options.max_sequential_skip_in_iterations: 8
2019/10/24-18:27:31.200800 7f6d5cfcf700                    Options.max_compaction_bytes: 1677721600
2019/10/24-18:27:31.200800 7f6d5cfcf700                        Options.arena_block_size: 8388608
2019/10/24-18:27:31.200801 7f6d5cfcf700   Options.soft_pending_compaction_bytes_limit: 68719476736
2019/10/24-18:27:31.200801 7f6d5cfcf700   Options.hard_pending_compaction_bytes_limit: 274877906944
2019/10/24-18:27:31.200802 7f6d5cfcf700       Options.rate_limit_delay_max_milliseconds: 100
2019/10/24-18:27:31.200802 7f6d5cfcf700                Options.disable_auto_compactions: 1
2019/10/24-18:27:31.201094 7f6d5cfcf700                        Options.compaction_style: kCompactionStyleLevel
2019/10/24-18:27:31.201120 7f6d5cfcf700                          Options.compaction_pri: kByCompensatedSize
2019/10/24-18:27:31.201122 7f6d5cfcf700 Options.compaction_options_universal.size_ratio: 1
2019/10/24-18:27:31.201123 7f6d5cfcf700 Options.compaction_options_universal.min_merge_width: 2
2019/10/24-18:27:31.201123 7f6d5cfcf700 Options.compaction_options_universal.max_merge_width: 4294967295
2019/10/24-18:27:31.201124 7f6d5cfcf700 Options.compaction_options_universal.max_size_amplification_percent: 200
2019/10/24-18:27:31.201124 7f6d5cfcf700 Options.compaction_options_universal.compression_size_percent: -1
2019/10/24-18:27:31.201125 7f6d5cfcf700 Options.compaction_options_universal.stop_style: kCompactionStopStyleTotalSize
2019/10/24-18:27:31.201126 7f6d5cfcf700 Options.compaction_options_fifo.max_table_files_size: 1073741824
2019/10/24-18:27:31.201126 7f6d5cfcf700 Options.compaction_options_fifo.allow_compaction: 0
2019/10/24-18:27:31.201127 7f6d5cfcf700 Options.compaction_options_fifo.ttl: 0
2019/10/24-18:27:31.201127 7f6d5cfcf700                   Options.table_properties_collectors: 
2019/10/24-18:27:31.201128 7f6d5cfcf700                   Options.inplace_update_support: 0
2019/10/24-18:27:31.201128 7f6d5cfcf700                 Options.inplace_update_num_locks: 10000
2019/10/24-18:27:31.201129 7f6d5cfcf700               Options.memtable_prefix_bloom_size_ratio: 0.000000
2019/10/24-18:27:31.201130 7f6d5cfcf700   Options.memtable_huge_page_size: 0
2019/10/24-18:27:31.201131 7f6d5cfcf700                           Options.bloom_locality: 0
2019/10/24-18:27:31.201131 7f6d5cfcf700                    Options.max_successive_merges: 0
2019/10/24-18:27:31.201132 7f6d5cfcf700                Options.optimize_filters_for_hits: 0
2019/10/24-18:27:31.201132 7f6d5cfcf700                Options.paranoid_file_checks: 0
2019/10/24-18:27:31.201133 7f6d5cfcf700                Options.force_consistency_checks: 0
2019/10/24-18:27:31.201133 7f6d5cfcf700                Options.report_bg_io_stats: 0
2019/10/24-18:27:31.201134 7f6d5cfcf700                               Options.ttl: 0
2019/10/24-18:27:31.201156 7f6d5cfcf700 [db/column_family.cc:475] --------------- Options for column family []:
2019/10/24-18:27:31.201157 7f6d5cfcf700               Options.comparator: leveldb.BytewiseComparator
2019/10/24-18:27:31.201158 7f6d5cfcf700           Options.merge_operator: None
2019/10/24-18:27:31.201158 7f6d5cfcf700        Options.compaction_filter: None
2019/10/24-18:27:31.201159 7f6d5cfcf700        Options.compaction_filter_factory: None
2019/10/24-18:27:31.201160 7f6d5cfcf700         Options.memtable_factory: SkipListFactory
2019/10/24-18:27:31.201160 7f6d5cfcf700            Options.table_factory: BlockBasedTable
2019/10/24-18:27:31.201174 7f6d5cfcf700            table_factory options:   flush_block_policy_factory: FlushBlockBySizePolicyFactory (0x7f6d551d7410)
  cache_index_and_filter_blocks: 0
  cache_index_and_filter_blocks_with_high_priority: 0
  pin_l0_filter_and_index_blocks_in_cache: 0
  pin_top_level_index_and_filter: 1
  index_type: 0
  hash_index_allow_collision: 1
  checksum: 1
  no_block_cache: 0
  block_cache: 0x7f6d551d7450
  block_cache_name: LRUCache
  block_cache_options:
    capacity : 8388608
    num_shard_bits : 4
    strict_capacity_limit : 0
    high_pri_pool_ratio: 0.000
  block_cache_compressed: (nil)
  persistent_cache: (nil)
  block_size: 4096
  block_size_deviation: 10
  block_restart_interval: 16
  index_block_restart_interval: 1
  metadata_block_size: 4096
  partition_filters: 0
  use_delta_encoding: 1
  filter_policy: nullptr
  whole_key_filtering: 1
  verify_compression: 0
  read_amp_bytes_per_bit: 0
  format_version: 2
  enable_index_compression: 1
  block_align: 0
2019/10/24-18:27:31.201175 7f6d5cfcf700        Options.write_buffer_size: 67108864
2019/10/24-18:27:31.201176 7f6d5cfcf700  Options.max_write_buffer_number: 2
2019/10/24-18:27:31.201525 7f6d5cfcf700          Options.compression: Snappy
2019/10/24-18:27:31.201529 7f6d5cfcf700                  Options.bottommost_compression: Disabled
2019/10/24-18:27:31.201530 7f6d5cfcf700       Options.prefix_extractor: nullptr
2019/10/24-18:27:31.201531 7f6d5cfcf700   Options.memtable_insert_with_hint_prefix_extractor: nullptr
2019/10/24-18:27:31.201532 7f6d5cfcf700             Options.num_levels: 7
2019/10/24-18:27:31.201533 7f6d5cfcf700        Options.min_write_buffer_number_to_merge: 1
2019/10/24-18:27:31.201534 7f6d5cfcf700     Options.max_write_buffer_number_to_maintain: 2
2019/10/24-18:27:31.201535 7f6d5cfcf700            Options.bottommost_compression_opts.window_bits: -14
2019/10/24-18:27:31.201536 7f6d5cfcf700                  Options.bottommost_compression_opts.level: 32767
2019/10/24-18:27:31.201537 7f6d5cfcf700               Options.bottommost_compression_opts.strategy: 0
2019/10/24-18:27:31.201538 7f6d5cfcf700         Options.bottommost_compression_opts.max_dict_bytes: 0
2019/10/24-18:27:31.201538 7f6d5cfcf700         Options.bottommost_compression_opts.zstd_max_train_bytes: 0
2019/10/24-18:27:31.201539 7f6d5cfcf700                  Options.bottommost_compression_opts.enabled: false
2019/10/24-18:27:31.201540 7f6d5cfcf700            Options.compression_opts.window_bits: -14
2019/10/24-18:27:31.201540 7f6d5cfcf700                  Options.compression_opts.level: 32767
2019/10/24-18:27:31.201541 7f6d5cfcf700               Options.compression_opts.strategy: 0
2019/10/24-18:27:31.201541 7f6d5cfcf700         Options.compression_opts.max_dict_bytes: 0
2019/10/24-18:27:31.201542 7f6d5cfcf700         Options.compression_opts.zstd_max_train_bytes: 0
2019/10/24-18:27:31.201543 7f6d5cfcf700                  Options.compression_opts.enabled: false
2019/10/24-18:27:31.201543 7f6d5cfcf700      Options.level0_file_num_compaction_trigger: 4
2019/10/24-18:27:31.201544 7f6d5cfcf700          Options.level0_slowdown_writes_trigger: 20
2019/10/24-18:27:31.201544 7f6d5cfcf700              Options.level0_stop_writes_trigger: 36
2019/10/24-18:27:31.201545 7f6d5cfcf700                   Options.target_file_size_base: 67108864
2019/10/24-18:27:31.201545 7f6d5cfcf700             Options.target_file_size_multiplier: 1
2019/10/24-18:27:31.201546 7f6d5cfcf700                Options.max_bytes_for_level_base: 268435456
2019/10/24-18:27:31.201546 7f6d5cfcf700 Options.level_compaction_dynamic_level_bytes: 0
2019/10/24-18:27:31.201547 7f6d5cfcf700          Options.max_bytes_for_level_multiplier: 10.000000
2019/10/24-18:27:31.201549 7f6d5cfcf700 Options.max_bytes_for_level_multiplier_addtl[0]: 1
2019/10/24-18:27:31.201549 7f6d5cfcf700 Options.max_bytes_for_level_multiplier_addtl[1]: 1
2019/10/24-18:27:31.201550 7f6d5cfcf700 Options.max_bytes_for_level_multiplier_addtl[2]: 1
2019/10/24-18:27:31.201550 7f6d5cfcf700 Options.max_bytes_for_level_multiplier_addtl[3]: 1
2019/10/24-18:27:31.201551 7f6d5cfcf700 Options.max_bytes_for_level_multiplier_addtl[4]: 1
2019/10/24-18:27:31.201551 7f6d5cfcf700 Options.max_bytes_for_level_multiplier_addtl[5]: 1
2019/10/24-18:27:31.201552 7f6d5cfcf700 Options.max_bytes_for_level_multiplier_addtl[6]: 1
2019/10/24-18:27:31.201552 7f6d5cfcf700       Options.max_sequential_skip_in_iterations: 8
2019/10/24-18:27:31.201553 7f6d5cfcf700                    Options.max_compaction_bytes: 1677721600
2019/10/24-18:27:31.201554 7f6d5cfcf700                        Options.arena_block_size: 8388608
2019/10/24-18:27:31.201554 7f6d5cfcf700   Options.soft_pending_compaction_bytes_limit: 68719476736
2019/10/24-18:27:31.201555 7f6d5cfcf700   Options.hard_pending_compaction_bytes_limit: 274877906944
2019/10/24-18:27:31.201555 7f6d5cfcf700       Options.rate_limit_delay_max_milliseconds: 100
2019/10/24-18:27:31.201556 7f6d5cfcf700                Options.disable_auto_compactions: 1
2019/10/24-18:27:31.201557 7f6d5cfcf700                        Options.compaction_style: kCompactionStyleLevel
2019/10/24-18:27:31.201558 7f6d5cfcf700                          Options.compaction_pri: kByCompensatedSize
2019/10/24-18:27:31.201558 7f6d5cfcf700 Options.compaction_options_universal.size_ratio: 1
2019/10/24-18:27:31.201926 7f6d5cfcf700 Options.compaction_options_universal.min_merge_width: 2
2019/10/24-18:27:31.202049 7f6d5cfcf700 Options.compaction_options_universal.max_merge_width: 4294967295
2019/10/24-18:27:31.202050 7f6d5cfcf700 Options.compaction_options_universal.max_size_amplification_percent: 200
2019/10/24-18:27:31.202051 7f6d5cfcf700 Options.compaction_options_universal.compression_size_percent: -1
2019/10/24-18:27:31.202052 7f6d5cfcf700 Options.compaction_options_universal.stop_style: kCompactionStopStyleTotalSize
2019/10/24-18:27:31.202052 7f6d5cfcf700 Options.compaction_options_fifo.max_table_files_size: 1073741824
2019/10/24-18:27:31.202053 7f6d5cfcf700 Options.compaction_options_fifo.allow_compaction: 0
2019/10/24-18:27:31.202054 7f6d5cfcf700 Options.compaction_options_fifo.ttl: 0
2019/10/24-18:27:31.202054 7f6d5cfcf700                   Options.table_properties_collectors: 
2019/10/24-18:27:31.202055 7f6d5cfcf700                   Options.inplace_update_support: 0
2019/10/24-18:27:31.202055 7f6d5cfcf700                 Options.inplace_update_num_locks: 10000
2019/10/24-18:27:31.202056 7f6d5cfcf700               Options.memtable_prefix_bloom_size_ratio: 0.000000
2019/10/24-18:27:31.202057 7f6d5cfcf700   Options.memtable_huge_page_size: 0
2019/10/24-18:27:31.202058 7f6d5cfcf700                           Options.bloom_locality: 0
2019/10/24-18:27:31.202058 7f6d5cfcf700                    Options.max_successive_merges: 0
2019/10/24-18:27:31.202059 7f6d5cfcf700                Options.optimize_filters_for_hits: 0
2019/10/24-18:27:31.202059 7f6d5cfcf700                Options.paranoid_file_checks: 0
2019/10/24-18:27:31.202060 7f6d5cfcf700                Options.force_consistency_checks: 0
2019/10/24-18:27:31.202060 7f6d5cfcf700                Options.report_bg_io_stats: 0
2019/10/24-18:27:31.202061 7f6d5cfcf700                               Options.ttl: 0
2019/10/24-18:27:31.202084 7f6d5cfcf700 [db/column_family.cc:475] --------------- Options for column family []:
2019/10/24-18:27:31.202085 7f6d5cfcf700               Options.comparator: leveldb.BytewiseComparator
2019/10/24-18:27:31.202086 7f6d5cfcf700           Options.merge_operator: None
2019/10/24-18:27:31.202086 7f6d5cfcf700        Options.compaction_filter: None
2019/10/24-18:27:31.202087 7f6d5cfcf700        Options.compaction_filter_factory: None
2019/10/24-18:27:31.202087 7f6d5cfcf700         Options.memtable_factory: SkipListFactory
2019/10/24-18:27:31.202088 7f6d5cfcf700            Options.table_factory: BlockBasedTable
2019/10/24-18:27:31.202103 7f6d5cfcf700            table_factory options:   flush_block_policy_factory: FlushBlockBySizePolicyFactory (0x7f6d551d91c0)
  cache_index_and_filter_blocks: 0
  cache_index_and_filter_blocks_with_high_priority: 0
  pin_l0_filter_and_index_blocks_in_cache: 0
  pin_top_level_index_and_filter: 1
  index_type: 0
  hash_index_allow_collision: 1
  checksum: 1
  no_block_cache: 0
  block_cache: 0x7f6d551d84d0
